
like79 =

     -804760
     -802430
     -802300
     -802600
     -804910
     -802250
     -803000
     -804150
     -805020
     -802900


like97 =

     -824710
     -822740
     -824460
     -823000
     -823040
     -823420
     -822950
     -823090
     -822290
     -821940


asvab79 =

   -0.0418   -0.0739   -0.0170   -0.0916   -0.0566   -0.0658
   -0.1345   -0.1276   -0.1358   -0.1597   -0.1344   -0.1498
   -0.1394   -0.1313   -0.1416   -0.1653   -0.1381   -0.1567
   -0.1366   -0.1340   -0.1367   -0.1658   -0.1352   -0.1515
   -0.0515   -0.0799   -0.0279   -0.0946   -0.0624   -0.0659
   -0.1412   -0.1336   -0.1408   -0.1673   -0.1403   -0.1586
   -0.1432   -0.1342   -0.1442   -0.1678   -0.1419   -0.1592
   -0.1294   -0.1251   -0.1293   -0.1568   -0.1233   -0.1370
   -0.0453   -0.0743   -0.0232   -0.0902   -0.0546   -0.0604
   -0.1372   -0.1299   -0.1392   -0.1610   -0.1318   -0.1459


wage79 =

   -0.0528    0.0581   -0.1067    0.0867   -0.1437    0.0929
   -0.0657    0.0426   -0.1123    0.0803   -0.1491    0.0925
   -0.0645    0.0446   -0.1105    0.0788   -0.1481    0.0910
   -0.0723    0.0387   -0.1156    0.0835   -0.1532    0.0932
   -0.0551    0.0659   -0.1076    0.0982   -0.1469    0.1061
   -0.0655    0.0440   -0.1110    0.0791   -0.1475    0.0919
   -0.0675    0.0447   -0.1153    0.0853   -0.1512    0.0985
   -0.0679    0.0498   -0.1180    0.0882   -0.1561    0.0962
   -0.0592    0.0611   -0.1111    0.0971   -0.1534    0.1045
   -0.0693    0.0411   -0.1188    0.0796   -0.1534    0.0904


asvab97 =

   -0.1171   -0.0635   -0.1201   -0.0819   -0.0857   -0.0604
   -0.1766   -0.1173   -0.1834   -0.1311   -0.1522   -0.1153
   -0.2081   -0.1572   -0.2195   -0.1681   -0.1908   -0.1430
   -0.1730   -0.1089   -0.1784   -0.1283   -0.1483   -0.1135
   -0.1548   -0.0903   -0.1580   -0.1114   -0.1305   -0.0983
   -0.1093   -0.0547   -0.1126   -0.0737   -0.0791   -0.0559
   -0.1508   -0.0944   -0.1534   -0.1085   -0.1267   -0.0937
   -0.1554   -0.0962   -0.1594   -0.1081   -0.1279   -0.0955
   -0.2203   -0.1562   -0.2277   -0.1747   -0.2045   -0.1610
   -0.1945   -0.1306   -0.2015   -0.1518   -0.1717   -0.1318


wage97 =

   -0.0812    0.0548   -0.1421    0.0947   -0.1736    0.1065
   -0.0662    0.0662   -0.1319    0.1071   -0.1556    0.1184
   -0.0377    0.0896   -0.0806    0.1559   -0.1012    0.1777
   -0.0757    0.0679   -0.1417    0.1069   -0.1692    0.1201
   -0.0801    0.0593   -0.1507    0.1010   -0.1780    0.1102
   -0.0895    0.0514   -0.1601    0.0884   -0.1891    0.0972
   -0.0802    0.0579   -0.1524    0.0983   -0.1791    0.1067
   -0.0715    0.0682   -0.1415    0.1042   -0.1694    0.1119
   -0.0370    0.0919   -0.0856    0.1504   -0.1084    0.1739
   -0.0432    0.0854   -0.0928    0.1391   -0.1111    0.1613

Elapsed time is 0.404586 seconds.
