
like79 =

     -777810
     -777810
     -777980
     -777790
     -777330
     -777460
     -778120
     -777730
     -777820
     -777830


like97 =

     -791600
     -791780
     -791660
     -791850
     -791030
     -791670
     -791290
     -791650
     -791340
     -790820


asvab79 =

   -0.1925   -0.1566   -0.2180   -0.1803   -0.1819   -0.1986
   -0.1908   -0.1557   -0.2160   -0.1789   -0.1801   -0.1970
   -0.1958   -0.1593   -0.2209   -0.1865   -0.1822   -0.2009
   -0.1902   -0.1534   -0.2150   -0.1777   -0.1793   -0.1958
   -0.2000   -0.1620   -0.2299   -0.1865   -0.1866   -0.2031
   -0.2001   -0.1622   -0.2292   -0.1871   -0.1862   -0.2021
   -0.1948   -0.1602   -0.2208   -0.1867   -0.1816   -0.2016
   -0.1987   -0.1613   -0.2259   -0.1856   -0.1859   -0.2045
   -0.1927   -0.1574   -0.2176   -0.1809   -0.1812   -0.1986
   -0.1999   -0.1620   -0.2259   -0.1869   -0.1868   -0.2046


wage79 =

    0.0644    0.0834    0.0772    0.1341    0.0799    0.1542
    0.0629    0.0823    0.0754    0.1347    0.0791    0.1534
    0.0620    0.0792    0.0771    0.1218    0.0708    0.1390
    0.0654    0.0829    0.0825    0.1359    0.0808    0.1552
    0.0750    0.0842    0.0862    0.1329    0.0883    0.1492
    0.0743    0.0865    0.0861    0.1345    0.0896    0.1519
    0.0626    0.0803    0.0775    0.1215    0.0720    0.1399
    0.0672    0.0839    0.0819    0.1346    0.0823    0.1534
    0.0645    0.0840    0.0775    0.1355    0.0800    0.1544
    0.0665    0.0840    0.0815    0.1350    0.0814    0.1535


asvab97 =

   -0.1810   -0.1290   -0.1901   -0.1429   -0.1669   -0.1289
   -0.1868   -0.1345   -0.1950   -0.1475   -0.1734   -0.1324
   -0.1838   -0.1321   -0.1930   -0.1431   -0.1729   -0.1325
   -0.1816   -0.1304   -0.1893   -0.1440   -0.1675   -0.1275
   -0.1741   -0.1176   -0.1812   -0.1296   -0.1568   -0.1184
   -0.1849   -0.1315   -0.1933   -0.1461   -0.1712   -0.1311
   -0.1823   -0.1319   -0.1947   -0.1379   -0.1623   -0.1190
   -0.1796   -0.1286   -0.1888   -0.1419   -0.1664   -0.1270
   -0.1799   -0.1278   -0.1877   -0.1401   -0.1653   -0.1251
   -0.1843   -0.1296   -0.1935   -0.1454   -0.1685   -0.1308


wage97 =

    0.0206    0.0168    0.0318    0.0441    0.0521    0.1113
    0.0201    0.0128    0.0301    0.0360    0.0462    0.1035
    0.0232    0.0129    0.0317    0.0443    0.0515    0.0987
    0.0196    0.0122    0.0294    0.0358    0.0431    0.0990
    0.0146    0.0169    0.0222    0.0522    0.0322    0.1147
    0.0202    0.0112    0.0293    0.0355    0.0444    0.1017
    0.0183    0.0227    0.0196    0.0519    0.0334    0.1222
    0.0197    0.0117    0.0290    0.0349    0.0441    0.0997
    0.0161    0.0143    0.0272    0.0406    0.0479    0.1074
    0.0148    0.0202    0.0242    0.0477    0.0331    0.1118

Elapsed time is 0.617009 seconds.
