
ans =

        1607           1


ans =

     9     1

